2261  62529700  815655100
838  62519432  815652450
2126  62519618  815654660
446  62476900  815645800
296  62476900  815645800
518  62478800  815607600
417  62478800  815607600
515  62417800  815529900
408  62417800  815529900
513  62400100  815521200
329  62400100  815521200
512  62408500  815497400
313  62408500  815497400
2483  62401500  815494800
285  62401500  815494800
497  62430500  815547800
341  62430500  815547800
2482  62320400  815489200
356  62320400  815489200
493  62436100  815553900
346  62436100  815553900
492  62416700  815549200
316  62416700  815549200
490  62435200  815558000
338  62435200  815558000
489  62418900  815554100
354  62418900  815554100
486  62411500  815558900
353  62411500  815558900
485  62433700  815564100
322  62433700  815564100
482  62413800  815564700
340  62413800  815564700
481  62432800  815569200
359  62432800  815569200
479  62435800  815574300
324  62435800  815574300
478  62412900  815568800
315  62412900  815568800
450  62303000  815466700
375  62303000  815466700
474  62428200  815578900
361  62428200  815578900
475  62411700  815575100
363  62411700  815575100
470  62410800  815580200
335  62410800  815580200
472  62429700  815584800
325  62429700  815584800
505  62400900  815558500
345  62400900  815558500
468  62428900  815589600
343  62428900  815589600
467  62410100  815585400
326  62410100  815585400
503  62396100  815557400
357  62396100  815557400
464  62428100  815593600
347  62428100  815593600
463  62409300  815589500
362  62409300  815589500
2281  62301700  815458400
349  62301700  815458400
501  62390600  815556400
337  62390600  815556400
502  62385400  815554600
331  62385400  815554600
462  62408300  815595700
339  62408300  815595700
461  62426800  815599800
334  62426800  815599800
2268  62270300  815488700
295  62270300  815488700
526  62394000  815595700
351  62394000  815595700
2265  62253200  815496200
400  62253200  815496200
525  62389300  815580800
358  62389300  815580800
524  62388700  815595300
352  62388700  815595300
2297  62314700  815433800
376  62314700  815433800
522  62383800  815594800
320  62383800  815594800
523  62383600  815610800
314  62383600  815610800
2263  62238100  815497600
319  62238100  815497600
2466  62317600  815408000
369  62317600  815408000
2283  62315800  815428100
330  62315800  815428100
2463  62312500  815404300
402  62312500  815404300
2462  62310100  815402600
391  62310100  815402600
2456  62283100  815387800
283  62283100  815387800
2321  62285100  815406200
309  62285100  815406200
2454  62272500  815383300
396  62272500  815383300
2332  62265000  815397700
398  62265000  815397700
2453  62253700  815375000
284  62253700  815375000
2452  62230200  815365300
390  62230200  815365300
2330  62268800  815404800
370  62268800  815404800
2327  62254000  815426200
312  62254000  815426200
2326  62264900  815429100
373  62264900  815429100
2444  62218400  815360900
379  62218400  815360900
2338  62216200  815377800
405  62216200  815377800
2440  62201900  815357000
403  62201900  815357000
2337  62217600  815386600
287  62217600  815386600
568  62231300  815401800
371  62231300  815401800
2319  62188800  815334900
342  62188800  815334900
2318  62171400  815309900
367  62171400  815309900
565  62224300  815426000
392  62224300  815426000
2317  62175000  815285400
395  62175000  815285400
2316  62175400  815282500
394  62175400  815282500
2314  62188200  815250500
389  62188200  815250500
2290  62196800  815230500
297  62196800  815230500
2289  62212300  815223100
378  62212300  815223100
2431  62178800  815224100
293  62178800  815224100
2430  62156300  815208300
380  62156300  815208300
2429  62148400  815186200
289  62148400  815186200
544  62129700  815159500
414  62129700  815159500
546  62126500  815155000
304  62126500  815155000
561  62156200  815165700
393  62156200  815165700
542  62121600  815159100
290  62121600  815159100
560  62157300  815162800
406  62157300  815162800
556  62161700  815147900
416  62161700  815147900
2352  62168800  815164800
382  62168800  815164800
2392  62122800  815174500
302  62122800  815174500
2351  62176000  815179200
381  62176000  815179200
2401  62109300  815194100
292  62109300  815194100
2395  62119800  815197600
303  62119800  815197600
2394  62134300  815202800
305  62134300  815202800
441  62165800  815139400
383  62165800  815139400
2349  62185500  815189600
294  62185500  815189600
2400  62100700  815218400
374  62100700  815218400
2275  62103500  815195400
317  62103500  815195400
439  62150300  815126400
413  62150300  815126400
2347  62196000  815200900
300  62196000  815200900
436  62161600  815118100
418  62161600  815118100
454  62160800  815125800
368  62160800  815125800
2342  62173200  815202500
386  62173200  815202500
2343  62161700  815190400
306  62161700  815190400
435  62168600  815104400
407  62168600  815104400
2355  62157000  815138500
301  62157000  815138500
2341  62183400  815213200
419  62183400  815213200
2340  62154100  815182400
401  62154100  815182400
564  62093500  815231900
291  62093500  815231900
453  62170200  815131900
318  62170200  815131900
2384  62177800  815149500
307  62177800  815149500
2354  62158700  815147300
412  62158700  815147300
2404  62089600  815223200
350  62089600  815223200
2379  62194300  815161000
415  62194300  815161000
2368  62177400  815154200
308  62177400  815154200
2359  62168900  815151800
328  62168900  815151800
2376  62192100  815163300
387  62192100  815163300
2364  62175200  815144100
364  62175200  815144100
2375  62197400  815177900
365  62197400  815177900
2371  62212200  815191000
411  62212200  815191000
2372  62209100  815196200
404  62209100  815196200
548  62478300  815617700
2488  62407700  815500700
530  62416200  815536800
2479  62301300  815483100
531  62407500  815563300
2304  62291800  815479500
2478  62290000  815478600
534  62403800  815584000
2476  62306100  815450100
2475  62318400  815425600
2474  62316800  815429400
2471  62322900  815416500
2285  62317100  815428100
2461  62303800  815398200
2458  62287600  815390700
2455  62276000  815384700
2331  62263900  815403100
2451  62224200  815362800
2443  62220100  815362300
2442  62209400  815358400
2334  62216200  815389800
2437  62196100  815350700
2312  62192600  815238700
2434  62189200  815230200
2427  62149800  815167500
2425  62153600  815166700
553  62116400  815175800
559  62158400  815160300
2390  62161800  815149500
2422  62116600  815176700
2423  62111900  815187000
2420  62110500  815190800
2389  62160100  815135800
2419  62108700  815191600
2350  62183500  815187300
563  62158200  815126000
2276  62105200  815201200
437  62168900  815142100
2388  62155700  815131800
2416  62094600  815229000
460  62168800  815130900
2386  62175300  815147600
2383  62175600  815147200
2415  62090700  815239200
2406  62088500  815225900
2382  62180000  815151300
2362  62170400  815152900
2414  62089600  815242100
2381  62190500  815158800
2366  62176900  815145500
2438  62186600  815354600
2292  62186000  815235700
2418  62107300  815200000
2277  62107200  815200000
426  62098700  815223900
424  62086000  815250400
517  62419500  815522100
516  62415700  815521700
2486  62400600  815499000
498  62427200  815547100
496  62426200  815551600
494  62425300  815555700
491  62424000  815561900
487  62422900  815567000
484  62422000  815571100
451  62295500  815480800
480  62420800  815577300
476  62419800  815582400
425  62312900  815448700
509  62400300  815561800
473  62418900  815587400
2301  62290800  815479000
506  62395500  815560600
469  62418100  815591500
504  62390000  815559200
465  62416900  815597700
528  62396400  815582400
2267  62252800  815494600
527  62391100  815581200
2296  62316300  815430900
2467  62324700  815413000
2465  62327300  815408200
2464  62327400  815414000
2328  62258200  815418600
2449  62220400  815361500
2448  62223000  815355300
2439  62196100  815356000
2294  62191200  815233300
2288  62214600  815222000
547  62132400  815157100
551  62115400  815177200
550  62113700  815177600
420  62113100  815177700
427  62115700  815171300
2396  62122100  815191100
442  62159600  815134100
2278  62106300  815198500
440  62155300  815130600
2344  62170500  815199900
433  62169700  815102100
457  62168100  815131800
2408  62090000  815238200
2411  62088500  815241400
2378  62203700  815166900
2374  62199500  815184200
